[gd_scene load_steps=2 format=3 uid="uid://fuhlr0o4pqy3"]

[sub_resource type="BoxMesh" id="BoxMesh_8gbba"]
size = Vector3(2, 2, 2)

[node name="bg" type="Node3D"]
transform = Transform3D(1.056, 0, 0, 0, 1.0553567, 0.03685387, 0, -0.03685387, 1.0553567, 0, 0, 0)

[node name="bg_r" type="Node3D" parent="."]

[node name="bg_piece_r" type="Node3D" parent="bg_r"]

[node name="MeshInstance3D" type="MeshInstance3D" parent="bg_r/bg_piece_r"]
transform = Transform3D(0.76627094, -0.28954965, -0.57357645, 0.35347486, 0.93544406, 0, 0.5365487, -0.20274486, 0.81915206, -10.3899, 0, -19.5054)
mesh = SubResource("BoxMesh_8gbba")
skeleton = NodePath("../../..")

[node name="MeshInstance3D2" type="MeshInstance3D" parent="bg_r/bg_piece_r"]
transform = Transform3D(-0.9239272, 0.349123, 0.15643445, 0.35347486, 0.93544406, 0, -0.14633568, 0.055295642, -0.98768836, -12.8339, 0, -19.5054)
mesh = SubResource("BoxMesh_8gbba")
skeleton = NodePath("../../..")

[node name="MeshInstance3D3" type="MeshInstance3D" parent="bg_r/bg_piece_r"]
transform = Transform3D(0.76627094, -0.28954965, -0.57357645, 0.35347486, 0.93544406, 0, 0.5365487, -0.20274486, 0.81915206, -14.4759, -1.14, -17.4874)
mesh = SubResource("BoxMesh_8gbba")
skeleton = NodePath("../../..")

[node name="MeshInstance3D4" type="MeshInstance3D" parent="bg_r/bg_piece_r"]
transform = Transform3D(-0.83348674, 0.3149484, 0.45399055, 0.35347486, 0.93544406, 0, -0.42468277, 0.16047424, -0.8910065, -7.5899, -1.14, -17.4874)
mesh = SubResource("BoxMesh_8gbba")
skeleton = NodePath("../../..")

[node name="bg_piece_r2" type="Node3D" parent="bg_r"]
transform = Transform3D(0.7660444, 0, -0.6427875, 0, 1, 0, 0.6427875, 0, 0.7660444, 7.362, -2.542, 5.03)

[node name="MeshInstance3D" type="MeshInstance3D" parent="bg_r/bg_piece_r2"]
transform = Transform3D(-0.6614589, 0.24994448, -0.7071067, 0.35347486, 0.93544406, 0, 0.6614588, -0.24994445, -0.7071068, -10.3899, 0, -17.6074)
mesh = SubResource("BoxMesh_8gbba")
skeleton = NodePath("../../..")

[node name="MeshInstance3D2" type="MeshInstance3D" parent="bg_r/bg_piece_r2"]
transform = Transform3D(0.9035696, -0.3414305, 0.25881904, 0.35347486, 0.93544406, 0, -0.24211073, 0.09148602, 0.9659258, -12.8339, 0, -19.2374)
mesh = SubResource("BoxMesh_8gbba")
skeleton = NodePath("../../..")

[node name="MeshInstance3D3" type="MeshInstance3D" parent="bg_r/bg_piece_r2"]
transform = Transform3D(-0.5094794, 0.19251624, 0.83867055, 0.35347486, 0.93544406, 0, -0.7845294, 0.29644895, -0.5446391, -14.4759, -1.14, -18.5414)
mesh = SubResource("BoxMesh_8gbba")
skeleton = NodePath("../../..")

[node name="MeshInstance3D4" type="MeshInstance3D" parent="bg_r/bg_piece_r2"]
transform = Transform3D(-0.33523318, 0.12667406, -0.93358046, 0.35347486, 0.93544406, 0, 0.8733123, -0.3299972, -0.35836795, -7.5899, -1.14, -18.4294)
mesh = SubResource("BoxMesh_8gbba")
skeleton = NodePath("../../..")

[node name="bg_piece_r3" type="Node3D" parent="bg_r"]
transform = Transform3D(0.7660444, 0, -0.6427875, 0, 1, 0, 0.6427875, 0, 0.7660444, 7.362, -7.046, 5.03)

[node name="MeshInstance3D" type="MeshInstance3D" parent="bg_r/bg_piece_r3"]
transform = Transform3D(-0.6614589, 0.24994448, -0.7071067, 0.35347486, 0.93544406, 0, 0.6614588, -0.24994445, -0.7071068, -10.3899, 0, -17.6074)
mesh = SubResource("BoxMesh_8gbba")
skeleton = NodePath("../../..")

[node name="MeshInstance3D2" type="MeshInstance3D" parent="bg_r/bg_piece_r3"]
transform = Transform3D(0.9035696, -0.3414305, 0.25881904, 0.35347486, 0.93544406, 0, -0.24211073, 0.09148602, 0.9659258, -12.8339, 0, -19.2374)
mesh = SubResource("BoxMesh_8gbba")
skeleton = NodePath("../../..")

[node name="MeshInstance3D3" type="MeshInstance3D" parent="bg_r/bg_piece_r3"]
transform = Transform3D(-0.5094794, 0.19251624, 0.83867055, 0.35347486, 0.93544406, 0, -0.7845294, 0.29644895, -0.5446391, -14.4759, -1.14, -18.5414)
mesh = SubResource("BoxMesh_8gbba")
skeleton = NodePath("../../..")

[node name="MeshInstance3D4" type="MeshInstance3D" parent="bg_r/bg_piece_r3"]
transform = Transform3D(-0.33523318, 0.12667406, -0.93358046, 0.35347486, 0.93544406, 0, 0.8733123, -0.3299972, -0.35836795, -7.5899, -1.14, -18.4294)
mesh = SubResource("BoxMesh_8gbba")
skeleton = NodePath("../../..")

[node name="bg_r2" type="Node3D" parent="."]
transform = Transform3D(1, 0, 0, 0, 1, 0, 0, 0, 1, 0, -5.254, 0)

[node name="bg_piece_r" type="Node3D" parent="bg_r2"]

[node name="MeshInstance3D" type="MeshInstance3D" parent="bg_r2/bg_piece_r"]
transform = Transform3D(0.76627094, -0.28954965, -0.57357645, 0.35347486, 0.93544406, 0, 0.5365487, -0.20274486, 0.81915206, -10.3899, 0, -19.5054)
mesh = SubResource("BoxMesh_8gbba")
skeleton = NodePath("../../..")

[node name="MeshInstance3D2" type="MeshInstance3D" parent="bg_r2/bg_piece_r"]
transform = Transform3D(-0.9239272, 0.349123, 0.15643445, 0.35347486, 0.93544406, 0, -0.14633568, 0.055295642, -0.98768836, -12.8339, 0, -19.5054)
mesh = SubResource("BoxMesh_8gbba")
skeleton = NodePath("../../..")

[node name="MeshInstance3D3" type="MeshInstance3D" parent="bg_r2/bg_piece_r"]
transform = Transform3D(0.76627094, -0.28954965, -0.57357645, 0.35347486, 0.93544406, 0, 0.5365487, -0.20274486, 0.81915206, -14.4759, -1.14, -17.4874)
mesh = SubResource("BoxMesh_8gbba")
skeleton = NodePath("../../..")

[node name="MeshInstance3D4" type="MeshInstance3D" parent="bg_r2/bg_piece_r"]
transform = Transform3D(-0.83348674, 0.3149484, 0.45399055, 0.35347486, 0.93544406, 0, -0.42468277, 0.16047424, -0.8910065, -7.5899, -1.14, -17.4874)
mesh = SubResource("BoxMesh_8gbba")
skeleton = NodePath("../../..")

[node name="bg_piece_r2" type="Node3D" parent="bg_r2"]
transform = Transform3D(0.7660444, 0, -0.6427875, 0, 1, 0, 0.6427875, 0, 0.7660444, 7.362, -2.542, 5.03)

[node name="MeshInstance3D" type="MeshInstance3D" parent="bg_r2/bg_piece_r2"]
transform = Transform3D(-0.6614589, 0.24994448, -0.7071067, 0.35347486, 0.93544406, 0, 0.6614588, -0.24994445, -0.7071068, -10.3899, 0, -17.6074)
mesh = SubResource("BoxMesh_8gbba")
skeleton = NodePath("../../..")

[node name="MeshInstance3D2" type="MeshInstance3D" parent="bg_r2/bg_piece_r2"]
transform = Transform3D(0.9035696, -0.3414305, 0.25881904, 0.35347486, 0.93544406, 0, -0.24211073, 0.09148602, 0.9659258, -12.8339, 0, -19.2374)
mesh = SubResource("BoxMesh_8gbba")
skeleton = NodePath("../../..")

[node name="MeshInstance3D3" type="MeshInstance3D" parent="bg_r2/bg_piece_r2"]
transform = Transform3D(-0.5094794, 0.19251624, 0.83867055, 0.35347486, 0.93544406, 0, -0.7845294, 0.29644895, -0.5446391, -14.4759, -1.14, -18.5414)
mesh = SubResource("BoxMesh_8gbba")
skeleton = NodePath("../../..")

[node name="MeshInstance3D4" type="MeshInstance3D" parent="bg_r2/bg_piece_r2"]
transform = Transform3D(-0.33523318, 0.12667406, -0.93358046, 0.35347486, 0.93544406, 0, 0.8733123, -0.3299972, -0.35836795, -7.5899, -1.14, -18.4294)
mesh = SubResource("BoxMesh_8gbba")
skeleton = NodePath("../../..")

[node name="bg_piece_r3" type="Node3D" parent="bg_r2"]
transform = Transform3D(0.7660444, 0, -0.6427875, 0, 1, 0, 0.6427875, 0, 0.7660444, 7.362, -7.046, 5.03)

[node name="MeshInstance3D" type="MeshInstance3D" parent="bg_r2/bg_piece_r3"]
transform = Transform3D(-0.6614589, 0.24994448, -0.7071067, 0.35347486, 0.93544406, 0, 0.6614588, -0.24994445, -0.7071068, -10.3899, 0, -17.6074)
mesh = SubResource("BoxMesh_8gbba")
skeleton = NodePath("../../..")

[node name="MeshInstance3D2" type="MeshInstance3D" parent="bg_r2/bg_piece_r3"]
transform = Transform3D(0.9035696, -0.3414305, 0.25881904, 0.35347486, 0.93544406, 0, -0.24211073, 0.09148602, 0.9659258, -12.8339, 0, -19.2374)
mesh = SubResource("BoxMesh_8gbba")
skeleton = NodePath("../../..")

[node name="MeshInstance3D3" type="MeshInstance3D" parent="bg_r2/bg_piece_r3"]
transform = Transform3D(-0.5094794, 0.19251624, 0.83867055, 0.35347486, 0.93544406, 0, -0.7845294, 0.29644895, -0.5446391, -14.4759, -1.14, -18.5414)
mesh = SubResource("BoxMesh_8gbba")
skeleton = NodePath("../../..")

[node name="MeshInstance3D4" type="MeshInstance3D" parent="bg_r2/bg_piece_r3"]
transform = Transform3D(-0.33523318, 0.12667406, -0.93358046, 0.35347486, 0.93544406, 0, 0.8733123, -0.3299972, -0.35836795, -7.5899, -1.14, -18.4294)
mesh = SubResource("BoxMesh_8gbba")
skeleton = NodePath("../../..")

[node name="bg_l" type="Node3D" parent="."]

[node name="bg_piece_l" type="Node3D" parent="bg_l"]
transform = Transform3D(0.76604444, 0, -0.6427876, 0, 1, 0, 0.6427876, 0, 0.76604444, 7.064, 0, 5.03)

[node name="MeshInstance3D" type="MeshInstance3D" parent="bg_l/bg_piece_l"]
transform = Transform3D(0.76627094, -0.28954965, -0.57357645, 0.35347486, 0.93544406, 0, 0.5365487, -0.20274486, 0.81915206, -10.3899, 0, -19.5054)
mesh = SubResource("BoxMesh_8gbba")
skeleton = NodePath("../../..")

[node name="MeshInstance3D2" type="MeshInstance3D" parent="bg_l/bg_piece_l"]
transform = Transform3D(-0.9239272, 0.349123, 0.15643445, 0.35347486, 0.93544406, 0, -0.14633568, 0.055295642, -0.98768836, -12.8339, 0, -19.5054)
mesh = SubResource("BoxMesh_8gbba")
skeleton = NodePath("../../..")

[node name="MeshInstance3D3" type="MeshInstance3D" parent="bg_l/bg_piece_l"]
transform = Transform3D(0.76627094, -0.28954965, -0.57357645, 0.35347486, 0.93544406, 0, 0.5365487, -0.20274486, 0.81915206, -14.4759, -1.14, -17.4874)
mesh = SubResource("BoxMesh_8gbba")
skeleton = NodePath("../../..")

[node name="MeshInstance3D4" type="MeshInstance3D" parent="bg_l/bg_piece_l"]
transform = Transform3D(-0.83348674, 0.3149484, 0.45399055, 0.35347486, 0.93544406, 0, -0.42468277, 0.16047424, -0.8910065, -7.5899, -1.14, -17.4874)
mesh = SubResource("BoxMesh_8gbba")
skeleton = NodePath("../../..")

[node name="bg_piece_l2" type="Node3D" parent="bg_l"]
transform = Transform3D(0.9993907, 0, -0.03489949, 0, 1, 0, 0.03489949, 0, 0.9993907, -0.82, -2.126, 1.122)

[node name="MeshInstance3D" type="MeshInstance3D" parent="bg_l/bg_piece_l2"]
transform = Transform3D(-0.6614589, 0.24994448, -0.7071067, 0.35347486, 0.93544406, 0, 0.6614588, -0.24994445, -0.7071068, -10.3899, 0, -17.6074)
mesh = SubResource("BoxMesh_8gbba")
skeleton = NodePath("../../..")

[node name="MeshInstance3D2" type="MeshInstance3D" parent="bg_l/bg_piece_l2"]
transform = Transform3D(0.9035696, -0.3414305, 0.25881904, 0.35347486, 0.93544406, 0, -0.24211073, 0.09148602, 0.9659258, -12.8339, 0, -19.2374)
mesh = SubResource("BoxMesh_8gbba")
skeleton = NodePath("../../..")

[node name="MeshInstance3D3" type="MeshInstance3D" parent="bg_l/bg_piece_l2"]
transform = Transform3D(-0.5094794, 0.19251624, 0.83867055, 0.35347486, 0.93544406, 0, -0.7845294, 0.29644895, -0.5446391, -14.4759, -1.14, -18.5414)
mesh = SubResource("BoxMesh_8gbba")
skeleton = NodePath("../../..")

[node name="MeshInstance3D4" type="MeshInstance3D" parent="bg_l/bg_piece_l2"]
transform = Transform3D(-0.33523318, 0.12667406, -0.93358046, 0.35347486, 0.93544406, 0, 0.8733123, -0.3299972, -0.35836795, -7.5899, -1.14, -18.4294)
mesh = SubResource("BoxMesh_8gbba")
skeleton = NodePath("../../..")

[node name="bg_piece_l3" type="Node3D" parent="bg_l"]
transform = Transform3D(1, 0, 0, 0, 1, 0, 0, 0, 1, 0, -4.386, 0)

[node name="MeshInstance3D" type="MeshInstance3D" parent="bg_l/bg_piece_l3"]
transform = Transform3D(0.76627094, -0.28954965, -0.57357645, 0.35347486, 0.93544406, 0, 0.5365487, -0.20274486, 0.81915206, -10.3899, 0, -19.5054)
mesh = SubResource("BoxMesh_8gbba")
skeleton = NodePath("../../..")

[node name="MeshInstance3D2" type="MeshInstance3D" parent="bg_l/bg_piece_l3"]
transform = Transform3D(-0.9239272, 0.349123, 0.15643445, 0.35347486, 0.93544406, 0, -0.14633568, 0.055295642, -0.98768836, -12.8339, 0, -19.5054)
mesh = SubResource("BoxMesh_8gbba")
skeleton = NodePath("../../..")

[node name="MeshInstance3D3" type="MeshInstance3D" parent="bg_l/bg_piece_l3"]
transform = Transform3D(0.76627094, -0.28954965, -0.57357645, 0.35347486, 0.93544406, 0, 0.5365487, -0.20274486, 0.81915206, -14.4759, -1.14, -17.4874)
mesh = SubResource("BoxMesh_8gbba")
skeleton = NodePath("../../..")

[node name="MeshInstance3D4" type="MeshInstance3D" parent="bg_l/bg_piece_l3"]
transform = Transform3D(-0.83348674, 0.3149484, 0.45399055, 0.35347486, 0.93544406, 0, -0.42468277, 0.16047424, -0.8910065, -7.5899, -1.14, -17.4874)
mesh = SubResource("BoxMesh_8gbba")
skeleton = NodePath("../../..")

[node name="bg_l2" type="Node3D" parent="."]
transform = Transform3D(1, 0, 0, 0, 1, 0, 0, 0, 1, 0, -4.384, 0)

[node name="bg_piece_l" type="Node3D" parent="bg_l2"]
transform = Transform3D(0.76604444, 0, -0.6427876, 0, 1, 0, 0.6427876, 0, 0.76604444, 7.064, 0, 5.03)

[node name="MeshInstance3D" type="MeshInstance3D" parent="bg_l2/bg_piece_l"]
transform = Transform3D(0.76627094, -0.28954965, -0.57357645, 0.35347486, 0.93544406, 0, 0.5365487, -0.20274486, 0.81915206, -10.3899, 0, -19.5054)
mesh = SubResource("BoxMesh_8gbba")
skeleton = NodePath("../../..")

[node name="MeshInstance3D2" type="MeshInstance3D" parent="bg_l2/bg_piece_l"]
transform = Transform3D(-0.9239272, 0.349123, 0.15643445, 0.35347486, 0.93544406, 0, -0.14633568, 0.055295642, -0.98768836, -12.8339, 0, -19.5054)
mesh = SubResource("BoxMesh_8gbba")
skeleton = NodePath("../../..")

[node name="MeshInstance3D3" type="MeshInstance3D" parent="bg_l2/bg_piece_l"]
transform = Transform3D(0.76627094, -0.28954965, -0.57357645, 0.35347486, 0.93544406, 0, 0.5365487, -0.20274486, 0.81915206, -14.4759, -1.14, -17.4874)
mesh = SubResource("BoxMesh_8gbba")
skeleton = NodePath("../../..")

[node name="MeshInstance3D4" type="MeshInstance3D" parent="bg_l2/bg_piece_l"]
transform = Transform3D(-0.83348674, 0.3149484, 0.45399055, 0.35347486, 0.93544406, 0, -0.42468277, 0.16047424, -0.8910065, -7.5899, -1.14, -17.4874)
mesh = SubResource("BoxMesh_8gbba")
skeleton = NodePath("../../..")

[node name="bg_piece_l2" type="Node3D" parent="bg_l2"]
transform = Transform3D(0.9993907, 0, -0.03489949, 0, 1, 0, 0.03489949, 0, 0.9993907, -0.82, -2.126, 1.122)

[node name="MeshInstance3D" type="MeshInstance3D" parent="bg_l2/bg_piece_l2"]
transform = Transform3D(-0.6614589, 0.24994448, -0.7071067, 0.35347486, 0.93544406, 0, 0.6614588, -0.24994445, -0.7071068, -10.3899, 0, -17.6074)
mesh = SubResource("BoxMesh_8gbba")
skeleton = NodePath("../../..")

[node name="MeshInstance3D2" type="MeshInstance3D" parent="bg_l2/bg_piece_l2"]
transform = Transform3D(0.9035696, -0.3414305, 0.25881904, 0.35347486, 0.93544406, 0, -0.24211073, 0.09148602, 0.9659258, -12.8339, 0, -19.2374)
mesh = SubResource("BoxMesh_8gbba")
skeleton = NodePath("../../..")

[node name="MeshInstance3D3" type="MeshInstance3D" parent="bg_l2/bg_piece_l2"]
transform = Transform3D(-0.5094794, 0.19251624, 0.83867055, 0.35347486, 0.93544406, 0, -0.7845294, 0.29644895, -0.5446391, -14.4759, -1.14, -18.5414)
mesh = SubResource("BoxMesh_8gbba")
skeleton = NodePath("../../..")

[node name="MeshInstance3D4" type="MeshInstance3D" parent="bg_l2/bg_piece_l2"]
transform = Transform3D(-0.33523318, 0.12667406, -0.93358046, 0.35347486, 0.93544406, 0, 0.8733123, -0.3299972, -0.35836795, -7.5899, -1.14, -18.4294)
mesh = SubResource("BoxMesh_8gbba")
skeleton = NodePath("../../..")

[node name="bg_piece_l3" type="Node3D" parent="bg_l2"]
transform = Transform3D(1, 0, 0, 0, 1, 0, 0, 0, 1, 0, -4.386, 0)

[node name="MeshInstance3D" type="MeshInstance3D" parent="bg_l2/bg_piece_l3"]
transform = Transform3D(0.76627094, -0.28954965, -0.57357645, 0.35347486, 0.93544406, 0, 0.5365487, -0.20274486, 0.81915206, -10.3899, 0, -19.5054)
mesh = SubResource("BoxMesh_8gbba")
skeleton = NodePath("../../..")

[node name="MeshInstance3D2" type="MeshInstance3D" parent="bg_l2/bg_piece_l3"]
transform = Transform3D(-0.9239272, 0.349123, 0.15643445, 0.35347486, 0.93544406, 0, -0.14633568, 0.055295642, -0.98768836, -12.8339, 0, -19.5054)
mesh = SubResource("BoxMesh_8gbba")
skeleton = NodePath("../../..")

[node name="MeshInstance3D3" type="MeshInstance3D" parent="bg_l2/bg_piece_l3"]
transform = Transform3D(0.76627094, -0.28954965, -0.57357645, 0.35347486, 0.93544406, 0, 0.5365487, -0.20274486, 0.81915206, -14.4759, -1.14, -17.4874)
mesh = SubResource("BoxMesh_8gbba")
skeleton = NodePath("../../..")

[node name="MeshInstance3D4" type="MeshInstance3D" parent="bg_l2/bg_piece_l3"]
transform = Transform3D(-0.83348674, 0.3149484, 0.45399055, 0.35347486, 0.93544406, 0, -0.42468277, 0.16047424, -0.8910065, -7.5899, -1.14, -17.4874)
mesh = SubResource("BoxMesh_8gbba")
skeleton = NodePath("../../..")

[node name="bg_c" type="Node3D" parent="."]
transform = Transform3D(1, 0, 0, 0, 1, 0, 0, 0, 1, 9.256, -4.384, 0)

[node name="bg_piece_l" type="Node3D" parent="bg_c"]
transform = Transform3D(0.76604444, 0, -0.6427876, 0, 1, 0, 0.6427876, 0, 0.76604444, 7.064, 0, 5.03)

[node name="MeshInstance3D" type="MeshInstance3D" parent="bg_c/bg_piece_l"]
transform = Transform3D(0.76627094, -0.28954965, -0.57357645, 0.35347486, 0.93544406, 0, 0.5365487, -0.20274486, 0.81915206, -10.3899, 0, -19.5054)
mesh = SubResource("BoxMesh_8gbba")
skeleton = NodePath("../../..")

[node name="MeshInstance3D2" type="MeshInstance3D" parent="bg_c/bg_piece_l"]
transform = Transform3D(-0.9239272, 0.349123, 0.15643445, 0.35347486, 0.93544406, 0, -0.14633568, 0.055295642, -0.98768836, -12.8339, 0, -19.5054)
mesh = SubResource("BoxMesh_8gbba")
skeleton = NodePath("../../..")

[node name="MeshInstance3D3" type="MeshInstance3D" parent="bg_c/bg_piece_l"]
transform = Transform3D(0.76627094, -0.28954965, -0.57357645, 0.35347486, 0.93544406, 0, 0.5365487, -0.20274486, 0.81915206, -14.4759, -1.14, -17.4874)
mesh = SubResource("BoxMesh_8gbba")
skeleton = NodePath("../../..")

[node name="MeshInstance3D4" type="MeshInstance3D" parent="bg_c/bg_piece_l"]
transform = Transform3D(-0.83348674, 0.3149484, 0.45399055, 0.35347486, 0.93544406, 0, -0.42468277, 0.16047424, -0.8910065, -7.5899, -1.14, -17.4874)
mesh = SubResource("BoxMesh_8gbba")
skeleton = NodePath("../../..")

[node name="bg_piece_l2" type="Node3D" parent="bg_c"]
transform = Transform3D(0.9993907, 0, -0.03489949, 0, 1, 0, 0.03489949, 0, 0.9993907, -0.82, -2.126, 1.122)

[node name="MeshInstance3D" type="MeshInstance3D" parent="bg_c/bg_piece_l2"]
transform = Transform3D(-0.6614589, 0.24994448, -0.7071067, 0.35347486, 0.93544406, 0, 0.6614588, -0.24994445, -0.7071068, -10.3899, 0, -17.6074)
mesh = SubResource("BoxMesh_8gbba")
skeleton = NodePath("../../..")

[node name="MeshInstance3D2" type="MeshInstance3D" parent="bg_c/bg_piece_l2"]
transform = Transform3D(0.9035696, -0.3414305, 0.25881904, 0.35347486, 0.93544406, 0, -0.24211073, 0.09148602, 0.9659258, -12.8339, 0, -19.2374)
mesh = SubResource("BoxMesh_8gbba")
skeleton = NodePath("../../..")

[node name="MeshInstance3D3" type="MeshInstance3D" parent="bg_c/bg_piece_l2"]
transform = Transform3D(-0.5094794, 0.19251624, 0.83867055, 0.35347486, 0.93544406, 0, -0.7845294, 0.29644895, -0.5446391, -14.4759, -1.14, -18.5414)
mesh = SubResource("BoxMesh_8gbba")
skeleton = NodePath("../../..")

[node name="MeshInstance3D4" type="MeshInstance3D" parent="bg_c/bg_piece_l2"]
transform = Transform3D(-0.33523318, 0.12667406, -0.93358046, 0.35347486, 0.93544406, 0, 0.8733123, -0.3299972, -0.35836795, -7.5899, -1.14, -18.4294)
mesh = SubResource("BoxMesh_8gbba")
skeleton = NodePath("../../..")

[node name="bg_piece_l3" type="Node3D" parent="bg_c"]
transform = Transform3D(1, 0, 0, 0, 1, 0, 0, 0, 1, 0, -4.386, 0)

[node name="MeshInstance3D" type="MeshInstance3D" parent="bg_c/bg_piece_l3"]
transform = Transform3D(0.76627094, -0.28954965, -0.57357645, 0.35347486, 0.93544406, 0, 0.5365487, -0.20274486, 0.81915206, -10.3899, 0, -19.5054)
mesh = SubResource("BoxMesh_8gbba")
skeleton = NodePath("../../..")

[node name="MeshInstance3D2" type="MeshInstance3D" parent="bg_c/bg_piece_l3"]
transform = Transform3D(-0.9239272, 0.349123, 0.15643445, 0.35347486, 0.93544406, 0, -0.14633568, 0.055295642, -0.98768836, -12.8339, 0, -19.5054)
mesh = SubResource("BoxMesh_8gbba")
skeleton = NodePath("../../..")

[node name="MeshInstance3D3" type="MeshInstance3D" parent="bg_c/bg_piece_l3"]
transform = Transform3D(0.76627094, -0.28954965, -0.57357645, 0.35347486, 0.93544406, 0, 0.5365487, -0.20274486, 0.81915206, -14.4759, -1.14, -17.4874)
mesh = SubResource("BoxMesh_8gbba")
skeleton = NodePath("../../..")

[node name="MeshInstance3D4" type="MeshInstance3D" parent="bg_c/bg_piece_l3"]
transform = Transform3D(-0.83348674, 0.3149484, 0.45399055, 0.35347486, 0.93544406, 0, -0.42468277, 0.16047424, -0.8910065, -7.5899, -1.14, -17.4874)
mesh = SubResource("BoxMesh_8gbba")
skeleton = NodePath("../../..")

[node name="bg_c2" type="Node3D" parent="."]
transform = Transform3D(1, 0, 0, 0, 1, 0, 0, 0, 1, 17.798, -4.384, 0)

[node name="bg_piece_l" type="Node3D" parent="bg_c2"]
transform = Transform3D(0.76604444, 0, -0.6427876, 0, 1, 0, 0.6427876, 0, 0.76604444, 7.064, 0, 5.03)

[node name="MeshInstance3D" type="MeshInstance3D" parent="bg_c2/bg_piece_l"]
transform = Transform3D(0.76627094, -0.28954965, -0.57357645, 0.35347486, 0.93544406, 0, 0.5365487, -0.20274486, 0.81915206, -10.3899, 0, -19.5054)
mesh = SubResource("BoxMesh_8gbba")
skeleton = NodePath("../../..")

[node name="MeshInstance3D2" type="MeshInstance3D" parent="bg_c2/bg_piece_l"]
transform = Transform3D(-0.9239272, 0.349123, 0.15643445, 0.35347486, 0.93544406, 0, -0.14633568, 0.055295642, -0.98768836, -12.8339, 0, -19.5054)
mesh = SubResource("BoxMesh_8gbba")
skeleton = NodePath("../../..")

[node name="MeshInstance3D3" type="MeshInstance3D" parent="bg_c2/bg_piece_l"]
transform = Transform3D(0.76627094, -0.28954965, -0.57357645, 0.35347486, 0.93544406, 0, 0.5365487, -0.20274486, 0.81915206, -14.4759, -1.14, -17.4874)
mesh = SubResource("BoxMesh_8gbba")
skeleton = NodePath("../../..")

[node name="MeshInstance3D4" type="MeshInstance3D" parent="bg_c2/bg_piece_l"]
transform = Transform3D(-0.83348674, 0.3149484, 0.45399055, 0.35347486, 0.93544406, 0, -0.42468277, 0.16047424, -0.8910065, -7.5899, -1.14, -17.4874)
mesh = SubResource("BoxMesh_8gbba")
skeleton = NodePath("../../..")

[node name="bg_piece_l2" type="Node3D" parent="bg_c2"]
transform = Transform3D(0.9993907, 0, -0.03489949, 0, 1, 0, 0.03489949, 0, 0.9993907, -0.82, -2.126, 1.122)

[node name="MeshInstance3D" type="MeshInstance3D" parent="bg_c2/bg_piece_l2"]
transform = Transform3D(-0.6614589, 0.24994448, -0.7071067, 0.35347486, 0.93544406, 0, 0.6614588, -0.24994445, -0.7071068, -10.3899, 0, -17.6074)
mesh = SubResource("BoxMesh_8gbba")
skeleton = NodePath("../../..")

[node name="MeshInstance3D2" type="MeshInstance3D" parent="bg_c2/bg_piece_l2"]
transform = Transform3D(0.9035696, -0.3414305, 0.25881904, 0.35347486, 0.93544406, 0, -0.24211073, 0.09148602, 0.9659258, -12.8339, 0, -19.2374)
mesh = SubResource("BoxMesh_8gbba")
skeleton = NodePath("../../..")

[node name="MeshInstance3D3" type="MeshInstance3D" parent="bg_c2/bg_piece_l2"]
transform = Transform3D(-0.5094794, 0.19251624, 0.83867055, 0.35347486, 0.93544406, 0, -0.7845294, 0.29644895, -0.5446391, -14.4759, -1.14, -18.5414)
mesh = SubResource("BoxMesh_8gbba")
skeleton = NodePath("../../..")

[node name="MeshInstance3D4" type="MeshInstance3D" parent="bg_c2/bg_piece_l2"]
transform = Transform3D(-0.33523318, 0.12667406, -0.93358046, 0.35347486, 0.93544406, 0, 0.8733123, -0.3299972, -0.35836795, -7.5899, -1.14, -18.4294)
mesh = SubResource("BoxMesh_8gbba")
skeleton = NodePath("../../..")

[node name="bg_piece_l3" type="Node3D" parent="bg_c2"]
transform = Transform3D(1, 0, 0, 0, 1, 0, 0, 0, 1, 0, -4.386, 0)

[node name="MeshInstance3D" type="MeshInstance3D" parent="bg_c2/bg_piece_l3"]
transform = Transform3D(0.76627094, -0.28954965, -0.57357645, 0.35347486, 0.93544406, 0, 0.5365487, -0.20274486, 0.81915206, -10.3899, 0, -19.5054)
mesh = SubResource("BoxMesh_8gbba")
skeleton = NodePath("../../..")

[node name="MeshInstance3D2" type="MeshInstance3D" parent="bg_c2/bg_piece_l3"]
transform = Transform3D(-0.9239272, 0.349123, 0.15643445, 0.35347486, 0.93544406, 0, -0.14633568, 0.055295642, -0.98768836, -12.8339, 0, -19.5054)
mesh = SubResource("BoxMesh_8gbba")
skeleton = NodePath("../../..")

[node name="MeshInstance3D3" type="MeshInstance3D" parent="bg_c2/bg_piece_l3"]
transform = Transform3D(0.76627094, -0.28954965, -0.57357645, 0.35347486, 0.93544406, 0, 0.5365487, -0.20274486, 0.81915206, -14.4759, -1.14, -17.4874)
mesh = SubResource("BoxMesh_8gbba")
skeleton = NodePath("../../..")

[node name="MeshInstance3D4" type="MeshInstance3D" parent="bg_c2/bg_piece_l3"]
transform = Transform3D(-0.83348674, 0.3149484, 0.45399055, 0.35347486, 0.93544406, 0, -0.42468277, 0.16047424, -0.8910065, -7.5899, -1.14, -17.4874)
mesh = SubResource("BoxMesh_8gbba")
skeleton = NodePath("../../..")

[node name="bg_c3" type="Node3D" parent="."]
transform = Transform3D(1, 0, 0, 0, 1, 0, 0, 0, 1, 14.452, 0.866, -2.268)

[node name="bg_piece_l" type="Node3D" parent="bg_c3"]
transform = Transform3D(0.76604444, 0, -0.6427876, 0, 1, 0, 0.6427876, 0, 0.76604444, 7.064, 0, 5.03)

[node name="MeshInstance3D" type="MeshInstance3D" parent="bg_c3/bg_piece_l"]
transform = Transform3D(0.76627094, -0.28954965, -0.57357645, 0.35347486, 0.93544406, 0, 0.5365487, -0.20274486, 0.81915206, -10.3899, 0, -19.5054)
mesh = SubResource("BoxMesh_8gbba")
skeleton = NodePath("../../..")

[node name="MeshInstance3D2" type="MeshInstance3D" parent="bg_c3/bg_piece_l"]
transform = Transform3D(-0.9239272, 0.349123, 0.15643445, 0.35347486, 0.93544406, 0, -0.14633568, 0.055295642, -0.98768836, -12.8339, 0, -19.5054)
mesh = SubResource("BoxMesh_8gbba")
skeleton = NodePath("../../..")

[node name="MeshInstance3D3" type="MeshInstance3D" parent="bg_c3/bg_piece_l"]
transform = Transform3D(0.76627094, -0.28954965, -0.57357645, 0.35347486, 0.93544406, 0, 0.5365487, -0.20274486, 0.81915206, -14.4759, -1.14, -17.4874)
mesh = SubResource("BoxMesh_8gbba")
skeleton = NodePath("../../..")

[node name="MeshInstance3D4" type="MeshInstance3D" parent="bg_c3/bg_piece_l"]
transform = Transform3D(-0.83348674, 0.3149484, 0.45399055, 0.35347486, 0.93544406, 0, -0.42468277, 0.16047424, -0.8910065, -7.5899, -1.14, -17.4874)
mesh = SubResource("BoxMesh_8gbba")
skeleton = NodePath("../../..")

[node name="bg_piece_l2" type="Node3D" parent="bg_c3"]
transform = Transform3D(0.9993907, 0, -0.03489949, 0, 1, 0, 0.03489949, 0, 0.9993907, -0.82, -2.126, 1.122)

[node name="MeshInstance3D" type="MeshInstance3D" parent="bg_c3/bg_piece_l2"]
transform = Transform3D(-0.6614589, 0.24994448, -0.7071067, 0.35347486, 0.93544406, 0, 0.6614588, -0.24994445, -0.7071068, -10.3899, 0, -17.6074)
mesh = SubResource("BoxMesh_8gbba")
skeleton = NodePath("../../..")

[node name="MeshInstance3D2" type="MeshInstance3D" parent="bg_c3/bg_piece_l2"]
transform = Transform3D(0.9035696, -0.3414305, 0.25881904, 0.35347486, 0.93544406, 0, -0.24211073, 0.09148602, 0.9659258, -12.8339, 0, -19.2374)
mesh = SubResource("BoxMesh_8gbba")
skeleton = NodePath("../../..")

[node name="MeshInstance3D3" type="MeshInstance3D" parent="bg_c3/bg_piece_l2"]
transform = Transform3D(-0.5094794, 0.19251624, 0.83867055, 0.35347486, 0.93544406, 0, -0.7845294, 0.29644895, -0.5446391, -14.4759, -1.14, -18.5414)
mesh = SubResource("BoxMesh_8gbba")
skeleton = NodePath("../../..")

[node name="MeshInstance3D4" type="MeshInstance3D" parent="bg_c3/bg_piece_l2"]
transform = Transform3D(-0.33523318, 0.12667406, -0.93358046, 0.35347486, 0.93544406, 0, 0.8733123, -0.3299972, -0.35836795, -7.5899, -1.14, -18.4294)
mesh = SubResource("BoxMesh_8gbba")
skeleton = NodePath("../../..")

[node name="bg_piece_l3" type="Node3D" parent="bg_c3"]
transform = Transform3D(1, 0, 0, 0, 1, 0, 0, 0, 1, 0, -4.386, 0)

[node name="MeshInstance3D" type="MeshInstance3D" parent="bg_c3/bg_piece_l3"]
transform = Transform3D(0.76627094, -0.28954965, -0.57357645, 0.35347486, 0.93544406, 0, 0.5365487, -0.20274486, 0.81915206, -10.3899, 0, -19.5054)
mesh = SubResource("BoxMesh_8gbba")
skeleton = NodePath("../../..")

[node name="MeshInstance3D2" type="MeshInstance3D" parent="bg_c3/bg_piece_l3"]
transform = Transform3D(-0.9239272, 0.349123, 0.15643445, 0.35347486, 0.93544406, 0, -0.14633568, 0.055295642, -0.98768836, -12.8339, 0, -19.5054)
mesh = SubResource("BoxMesh_8gbba")
skeleton = NodePath("../../..")

[node name="MeshInstance3D3" type="MeshInstance3D" parent="bg_c3/bg_piece_l3"]
transform = Transform3D(0.76627094, -0.28954965, -0.57357645, 0.35347486, 0.93544406, 0, 0.5365487, -0.20274486, 0.81915206, -14.4759, -1.14, -17.4874)
mesh = SubResource("BoxMesh_8gbba")
skeleton = NodePath("../../..")

[node name="MeshInstance3D4" type="MeshInstance3D" parent="bg_c3/bg_piece_l3"]
transform = Transform3D(-0.83348674, 0.3149484, 0.45399055, 0.35347486, 0.93544406, 0, -0.42468277, 0.16047424, -0.8910065, -7.5899, -1.14, -17.4874)
mesh = SubResource("BoxMesh_8gbba")
skeleton = NodePath("../../..")

[node name="bg_c4" type="Node3D" parent="."]
transform = Transform3D(1, 0, 0, 0, 1, 0, 0, 0, 1, 8.932, 0.696, -0.572)

[node name="bg_piece_l" type="Node3D" parent="bg_c4"]
transform = Transform3D(0.76604444, 0, -0.6427876, 0, 1, 0, 0.6427876, 0, 0.76604444, 7.064, 0, 5.03)

[node name="MeshInstance3D" type="MeshInstance3D" parent="bg_c4/bg_piece_l"]
transform = Transform3D(0.76627094, -0.28954965, -0.57357645, 0.35347486, 0.93544406, 0, 0.5365487, -0.20274486, 0.81915206, -10.3899, 0, -19.5054)
mesh = SubResource("BoxMesh_8gbba")
skeleton = NodePath("../../..")

[node name="MeshInstance3D2" type="MeshInstance3D" parent="bg_c4/bg_piece_l"]
transform = Transform3D(-0.9239272, 0.349123, 0.15643445, 0.35347486, 0.93544406, 0, -0.14633568, 0.055295642, -0.98768836, -12.8339, 0, -19.5054)
mesh = SubResource("BoxMesh_8gbba")
skeleton = NodePath("../../..")

[node name="MeshInstance3D3" type="MeshInstance3D" parent="bg_c4/bg_piece_l"]
transform = Transform3D(0.76627094, -0.28954965, -0.57357645, 0.35347486, 0.93544406, 0, 0.5365487, -0.20274486, 0.81915206, -14.4759, -1.14, -17.4874)
mesh = SubResource("BoxMesh_8gbba")
skeleton = NodePath("../../..")

[node name="MeshInstance3D4" type="MeshInstance3D" parent="bg_c4/bg_piece_l"]
transform = Transform3D(-0.83348674, 0.3149484, 0.45399055, 0.35347486, 0.93544406, 0, -0.42468277, 0.16047424, -0.8910065, -7.5899, -1.14, -17.4874)
mesh = SubResource("BoxMesh_8gbba")
skeleton = NodePath("../../..")

[node name="bg_piece_l2" type="Node3D" parent="bg_c4"]
transform = Transform3D(0.9993907, 0, -0.03489949, 0, 1, 0, 0.03489949, 0, 0.9993907, -0.82, -2.126, 1.122)

[node name="MeshInstance3D" type="MeshInstance3D" parent="bg_c4/bg_piece_l2"]
transform = Transform3D(-0.6614589, 0.24994448, -0.7071067, 0.35347486, 0.93544406, 0, 0.6614588, -0.24994445, -0.7071068, -10.3899, 0, -17.6074)
mesh = SubResource("BoxMesh_8gbba")
skeleton = NodePath("../../..")

[node name="MeshInstance3D2" type="MeshInstance3D" parent="bg_c4/bg_piece_l2"]
transform = Transform3D(0.9035696, -0.3414305, 0.25881904, 0.35347486, 0.93544406, 0, -0.24211073, 0.09148602, 0.9659258, -12.8339, 0, -19.2374)
mesh = SubResource("BoxMesh_8gbba")
skeleton = NodePath("../../..")

[node name="MeshInstance3D3" type="MeshInstance3D" parent="bg_c4/bg_piece_l2"]
transform = Transform3D(-0.5094794, 0.19251624, 0.83867055, 0.35347486, 0.93544406, 0, -0.7845294, 0.29644895, -0.5446391, -14.4759, -1.14, -18.5414)
mesh = SubResource("BoxMesh_8gbba")
skeleton = NodePath("../../..")

[node name="MeshInstance3D4" type="MeshInstance3D" parent="bg_c4/bg_piece_l2"]
transform = Transform3D(-0.33523318, 0.12667406, -0.93358046, 0.35347486, 0.93544406, 0, 0.8733123, -0.3299972, -0.35836795, -7.5899, -1.14, -18.4294)
mesh = SubResource("BoxMesh_8gbba")
skeleton = NodePath("../../..")

[node name="bg_piece_l3" type="Node3D" parent="bg_c4"]
transform = Transform3D(1, 0, 0, 0, 1, 0, 0, 0, 1, 0, -4.386, 0)

[node name="MeshInstance3D" type="MeshInstance3D" parent="bg_c4/bg_piece_l3"]
transform = Transform3D(0.76627094, -0.28954965, -0.57357645, 0.35347486, 0.93544406, 0, 0.5365487, -0.20274486, 0.81915206, -10.3899, 0, -19.5054)
mesh = SubResource("BoxMesh_8gbba")
skeleton = NodePath("../../..")

[node name="MeshInstance3D2" type="MeshInstance3D" parent="bg_c4/bg_piece_l3"]
transform = Transform3D(-0.9239272, 0.349123, 0.15643445, 0.35347486, 0.93544406, 0, -0.14633568, 0.055295642, -0.98768836, -12.8339, 0, -19.5054)
mesh = SubResource("BoxMesh_8gbba")
skeleton = NodePath("../../..")

[node name="MeshInstance3D3" type="MeshInstance3D" parent="bg_c4/bg_piece_l3"]
transform = Transform3D(0.76627094, -0.28954965, -0.57357645, 0.35347486, 0.93544406, 0, 0.5365487, -0.20274486, 0.81915206, -14.4759, -1.14, -17.4874)
mesh = SubResource("BoxMesh_8gbba")
skeleton = NodePath("../../..")

[node name="MeshInstance3D4" type="MeshInstance3D" parent="bg_c4/bg_piece_l3"]
transform = Transform3D(-0.83348674, 0.3149484, 0.45399055, 0.35347486, 0.93544406, 0, -0.42468277, 0.16047424, -0.8910065, -7.5899, -1.14, -17.4874)
mesh = SubResource("BoxMesh_8gbba")
skeleton = NodePath("../../..")

[node name="bg_c5" type="Node3D" parent="."]
transform = Transform3D(1, 0, 0, 0, 1, 0, 0, 0, 1, 11.74, 0.696, -0.572)

[node name="bg_piece_l" type="Node3D" parent="bg_c5"]
transform = Transform3D(0.76604444, 0, -0.6427876, 0, 1, 0, 0.6427876, 0, 0.76604444, 7.064, 0, 5.03)

[node name="MeshInstance3D" type="MeshInstance3D" parent="bg_c5/bg_piece_l"]
transform = Transform3D(0.76627094, -0.28954965, -0.57357645, 0.35347486, 0.93544406, 0, 0.5365487, -0.20274486, 0.81915206, -10.3899, 0, -19.5054)
mesh = SubResource("BoxMesh_8gbba")
skeleton = NodePath("../../..")

[node name="MeshInstance3D2" type="MeshInstance3D" parent="bg_c5/bg_piece_l"]
transform = Transform3D(-0.9239272, 0.349123, 0.15643445, 0.35347486, 0.93544406, 0, -0.14633568, 0.055295642, -0.98768836, -12.8339, 0, -19.5054)
mesh = SubResource("BoxMesh_8gbba")
skeleton = NodePath("../../..")

[node name="MeshInstance3D3" type="MeshInstance3D" parent="bg_c5/bg_piece_l"]
transform = Transform3D(0.76627094, -0.28954965, -0.57357645, 0.35347486, 0.93544406, 0, 0.5365487, -0.20274486, 0.81915206, -14.4759, -1.14, -17.4874)
mesh = SubResource("BoxMesh_8gbba")
skeleton = NodePath("../../..")

[node name="MeshInstance3D4" type="MeshInstance3D" parent="bg_c5/bg_piece_l"]
transform = Transform3D(-0.83348674, 0.3149484, 0.45399055, 0.35347486, 0.93544406, 0, -0.42468277, 0.16047424, -0.8910065, -7.5899, -1.14, -17.4874)
mesh = SubResource("BoxMesh_8gbba")
skeleton = NodePath("../../..")

[node name="bg_piece_l2" type="Node3D" parent="bg_c5"]
transform = Transform3D(0.9993907, 0, -0.03489949, 0, 1, 0, 0.03489949, 0, 0.9993907, -0.82, -2.126, 1.122)

[node name="MeshInstance3D" type="MeshInstance3D" parent="bg_c5/bg_piece_l2"]
transform = Transform3D(-0.6614589, 0.24994448, -0.7071067, 0.35347486, 0.93544406, 0, 0.6614588, -0.24994445, -0.7071068, -10.3899, 0, -17.6074)
mesh = SubResource("BoxMesh_8gbba")
skeleton = NodePath("../../..")

[node name="MeshInstance3D2" type="MeshInstance3D" parent="bg_c5/bg_piece_l2"]
transform = Transform3D(0.9035696, -0.3414305, 0.25881904, 0.35347486, 0.93544406, 0, -0.24211073, 0.09148602, 0.9659258, -12.8339, 0, -19.2374)
mesh = SubResource("BoxMesh_8gbba")
skeleton = NodePath("../../..")

[node name="MeshInstance3D3" type="MeshInstance3D" parent="bg_c5/bg_piece_l2"]
transform = Transform3D(-0.5094794, 0.19251624, 0.83867055, 0.35347486, 0.93544406, 0, -0.7845294, 0.29644895, -0.5446391, -14.4759, -1.14, -18.5414)
mesh = SubResource("BoxMesh_8gbba")
skeleton = NodePath("../../..")

[node name="MeshInstance3D4" type="MeshInstance3D" parent="bg_c5/bg_piece_l2"]
transform = Transform3D(-0.33523318, 0.12667406, -0.93358046, 0.35347486, 0.93544406, 0, 0.8733123, -0.3299972, -0.35836795, -7.5899, -1.14, -18.4294)
mesh = SubResource("BoxMesh_8gbba")
skeleton = NodePath("../../..")

[node name="bg_piece_l3" type="Node3D" parent="bg_c5"]
transform = Transform3D(1, 0, 0, 0, 1, 0, 0, 0, 1, 0, -4.386, 0)

[node name="MeshInstance3D" type="MeshInstance3D" parent="bg_c5/bg_piece_l3"]
transform = Transform3D(0.76627094, -0.28954965, -0.57357645, 0.35347486, 0.93544406, 0, 0.5365487, -0.20274486, 0.81915206, -10.3899, 0, -19.5054)
mesh = SubResource("BoxMesh_8gbba")
skeleton = NodePath("../../..")

[node name="MeshInstance3D2" type="MeshInstance3D" parent="bg_c5/bg_piece_l3"]
transform = Transform3D(-0.9239272, 0.349123, 0.15643445, 0.35347486, 0.93544406, 0, -0.14633568, 0.055295642, -0.98768836, -12.8339, 0, -19.5054)
mesh = SubResource("BoxMesh_8gbba")
skeleton = NodePath("../../..")

[node name="MeshInstance3D3" type="MeshInstance3D" parent="bg_c5/bg_piece_l3"]
transform = Transform3D(0.76627094, -0.28954965, -0.57357645, 0.35347486, 0.93544406, 0, 0.5365487, -0.20274486, 0.81915206, -14.4759, -1.14, -17.4874)
mesh = SubResource("BoxMesh_8gbba")
skeleton = NodePath("../../..")

[node name="MeshInstance3D4" type="MeshInstance3D" parent="bg_c5/bg_piece_l3"]
transform = Transform3D(-0.83348674, 0.3149484, 0.45399055, 0.35347486, 0.93544406, 0, -0.42468277, 0.16047424, -0.8910065, -7.5899, -1.14, -17.4874)
mesh = SubResource("BoxMesh_8gbba")
skeleton = NodePath("../../..")
